ADAG D 990707 999999 17 0.02 3471670. 0.025 5818356. 0.033 9077577. 0.05 10106550. 0.067 8542679. 0.1 5976069. 0.2 3017954. 0.3 2002676. 0.4 1489726. 0.5 1171130. 0.599 950430. 1. 437961. 1.333 233111. 2. 78576. 2.857 27791. 5. 5241. 10. 656.
ETKA D 990711 999999 17 0.02 3658549. 0.025 6131622. 0.033 9566545. 0.05 10651647. 0.067 9004258. 0.1 6300606. 0.2 3186050. 0.3 2118206. 0.4 1578687. 0.5 1242627. 0.599 1008269. 1. 455034. 1.333 236306. 2. 77665. 2.857 27199. 5. 5101. 10. 637.
GSCK D 990706 999999 17 0.02 7299765. 0.025 12234194. 0.033 19087767. 0.05 21252831. 0.067 17965857. 0.1 12571363. 0.2 6357006. 0.3 4226378. 0.4 3149895. 0.5 2479367. 0.599 2011761. 1. 907912. 1.333 471493. 2. 154963. 2.857 54270. 5. 10179. 10. 1272.
GSIG D 990709 999999 17 0.02 1720828. 0.025 2884073. 0.033 4499777. 0.05 5010336. 0.067 4235629. 0.1 2964214. 0.2 1500023. 0.3 998567. 0.4 745656. 0.5 588446. 0.599 478959. 1. 218886. 1.333 114078. 2. 37450. 2.857 13089. 5. 2450. 10. 306.
GSMY D 990709 999999 17 0.02 3658549. 0.025 6131622. 0.033 9566545. 0.05 10651647. 0.067 9004258. 0.1 6300606. 0.2 3186050. 0.3 2118206. 0.4 1578687. 0.5 1242627. 0.599 1008269. 1. 455034. 1.333 236306. 2. 77665. 2.857 27199. 5. 5101. 10. 637.
GSSP D 990705 999999 17 0.02 3658549. 0.025 6131622. 0.033 9566545. 0.05 10651647. 0.067 9004258. 0.1 6300606. 0.2 3186050. 0.3 2118206. 0.4 1578687. 0.5 1242627. 0.599 1008269. 1. 455034. 1.333 236306. 2. 77665. 2.857 27199. 5. 5101. 10. 637.
GSTD D 990705 999999 17 0.02 3486663. 0.025 5843702. 0.033 9117834. 0.05 10153440. 0.067 8584341. 0.1 6007372. 0.2 3015325. 0.3 1925749. 0.4 1301138. 0.5 875392. 0.599 590547. 1. 148669. 1.333 63793. 2. 18998. 2.857 6518. 5. 1215. 10. 151.
GSTR D 990719 999999 17 0.02 3486030. 0.025 5842449. 0.033 9115257. 0.05 10148790. 0.067 8578726. 0.1 6001972. 0.2 3032899. 0.3 2014638. 0.4 1500672. 0.5 1181668. 0.599 960641. 1. 444584. 1.333 236364. 2. 79342. 2.857 27987. 5. 5267. 10. 659.
KICM D 990716 999999 17 0.02 3586788. 0.025 6011348. 0.033 9378879. 0.05 10442648. 0.067 8827525. 0.1 6176820. 0.2 3123059. 0.3 2075722. 0.4 1546157. 0.5 1215866. 0.599 985177. 1. 440863. 1.333 227819. 2. 74661. 2.857 26136. 5. 4902. 10. 612.
KIKV D 990717 999999 17 0.02 3467164. 0.025 5810898. 0.033 9066262. 0.05 10094966. 0.067 8534081. 0.1 5972412. 0.2 3022158. 0.3 2011198. 0.4 1500393. 0.5 1181698. 0.599 958624. 1. 427678. 1.333 219381. 2. 71272. 2.857 24854. 5. 4651. 10. 581.
KIMD D 990717 999999 17 0.02 6894594. 0.025 11555039. 0.033 18027807. 0.05 20071557. 0.067 16965995. 0.1 11869165. 0.2 5995085. 0.3 3978564. 0.4 2958485. 0.5 2323042. 0.599 1880882. 1. 849200. 1.333 444551. 2. 147764. 2.857 52032. 5. 9793. 10. 1225.
KINC D 990715 999999 17 0.02 1810535. 0.025 3034408. 0.033 4734291. 0.05 5271329. 0.067 4456113. 0.1 3118205. 0.2 1577070. 0.3 1048800. 0.4 781971. 0.5 615800. 0.599 499906. 1. 225857. 1.333 117239. 2. 38488. 2.857 13469. 5. 2525. 10. 315.
KIRH D 000615 999999 17 0.02 1829275. 0.025 3065811. 0.033 4783273. 0.05 5325824. 0.067 4502129. 0.1 3150303. 0.2 1593025. 0.3 1059103. 0.4 789344. 0.5 621314. 0.599 504135. 1. 227517. 1.333 118153. 2. 38833. 2.857 13600. 5. 2551. 10. 319.
KIWB D 990709 999999 17 0.02 1732806. 0.025 2904150. 0.033 4531110. 0.05 5045248. 0.067 4265171. 0.1 2984940. 0.2 1510588. 0.3 1005523. 0.4 750523. 0.5 591643. 0.599 480615. 1. 216267. 1.333 111487. 2. 36321. 2.857 12671. 5. 2371. 10. 296.
