CEAP D 050917 999999 17 0.02 833277499. 0.025 1396575102. 0.033 2179022219. 0.05 2426463354. 0.067 2051518679. 0.1 1436189383. 0.2 728072031. 0.3 486087161. 0.4 364358107. 0.5 288794485. 0.6 236060374. 1. 108344626. 1.333 55883057. 2. 18050010. 2.875 6258482. 5. 1165814. 10. 145392.  
CEPE D 050917 999999 17 0.02 3317337476. 0.025 5559865623. 0.033 8674843705. 0.05 9659924606. 0.067 8167242967. 0.1 5717572917. 0.2 2898506963. 0.3 1935147845. 0.4 1450535754. 0.5 1149711554. 0.6 939773276. 1. 431327728. 1.333 222474460. 2. 71858386. 2.875 24915465. 5. 4641189. 10. 578816.  
CERA D 050926 999999 17 0.02 1662607192. 0.025 2786533671. 0.033 4347720919. 0.05 4841430890. 0.067 4093317909. 0.1 2865574553. 0.2 1452694686. 0.3 969871395. 0.4 726990001. 0.5 576220753. 0.6 471002368. 1. 216175951. 1.333 111501359. 2. 36014505. 2.875 12487313. 5. 2326104. 10. 290095.  
CERB D 050918 999999 17 0.02 802559153. 0.025 1345085030. 0.033 2098663892. 0.05 2336915419. 0.067 1975732394. 0.1 1382986285. 0.2 700736991. 0.3 467538437. 0.4 350316153. 0.5 277759027. 0.6 227400026. 1. 106587301. 1.333 56012651. 2. 18360457. 2.875 6392649. 5. 1192793. 10. 148813.  
CESW D 050918 999999 17 0.02 3317337476. 0.025 5559865623. 0.033 8674843705. 0.05 9659924606. 0.067 8167242967. 0.1 5717572917. 0.2 2898506963. 0.3 1935147845. 0.4 1450535754. 0.5 1149711554. 0.6 939773276. 1. 431327728. 1.333 222474460. 2. 71858386. 2.875 24915465. 5. 4641189. 10. 578816.  
CETU D 050922 999999 17 0.02 1662607192. 0.025 2786533671. 0.033 4347720919. 0.05 4841430890. 0.067 4093317909. 0.1 2865574553. 0.2 1452694686. 0.3 969871395. 0.4 726990001. 0.5 576220753. 0.6 471002368. 1. 216175951. 1.333 111501359. 2. 36014505. 2.875 12487313. 5. 2326104. 10. 290095.  
LSNW D 050930 999999 17 0.02 3317337476. 0.025 5559865623. 0.033 8674843705. 0.05 9659924606. 0.067 8167242967. 0.1 5717572917. 0.2 2898506963. 0.3 1935147845. 0.4 1450535754. 0.5 1149711554. 0.6 939773276. 1. 431327728. 1.333 222474460. 2. 71858386. 2.875 24915465. 5. 4641189. 10. 578816.  
LSPA D 050930 999999 17 0.02 800125766. 0.025 1341005949. 0.033 2092297012. 0.05 2329817521. 0.067 1969721304. 0.1 1378755995. 0.2 698503280. 0.3 465875983. 0.4 348782857. 0.5 276114557. 0.6 225495915. 1. 103876539. 1.333 53978811. 2. 17578567. 2.875 6115148. 5. 1141251. 10. 142415.  
LSSA D 050928 999999 17 0.02 1662607192. 0.025 2786533671. 0.033 4347720919. 0.05 4841430890. 0.067 4093317909. 0.1 2865574553. 0.2 1452694686. 0.3 969871395. 0.4 726990001. 0.5 576220753. 0.6 471002368. 1. 216175951. 1.333 111501359. 2. 36014505. 2.875 12487313. 5. 2326104. 10. 290095.  
LSSE D 050927 999999 17 0.02 1662607192. 0.025 2786533671. 0.033 4347720919. 0.05 4841430890. 0.067 4093317909. 0.1 2865574553. 0.2 1452694686. 0.3 969871395. 0.4 726990001. 0.5 576220753. 0.6 471002368. 1. 216175951. 1.333 111501359. 2. 36014505. 2.875 12487313. 5. 2326104. 10. 290095.  
CERB D 050918 999999 17 0.02 826688504. 0.025 1385534679. 0.033 2161805544. 0.05 2407321126. 0.067 2035369314. 0.1 1424953838. 0.2 722568951. 0.3 482629677. 0.4 361990316. 0.5 287136130. 0.6 234897355. 1. 108018775. 1.333 55671096. 2. 17946361. 2.875 6215756. 5. 1157002. 10. 144254.  
CERB-N D 050918 999999 17 0.02 796580771. 0.025 1335079647. 0.033 2083101373. 0.05 2319739557. 0.067 1961391869. 0.1 1373305669. 0.2 696758538. 0.3 465778984. 0.4 349694806. 0.5 277637244. 0.6 227252041. 1. 104007566. 1.333 53215677. 2. 17031678. 2.875 5883256. 5. 1093538. 10. 136280.  
LSPA-E D 050930 999999 17 0.02 807594985. 0.025 1353539926. 0.033 2111905694. 0.05 2351819557. 0.067 1988520680. 0.1 1392310522. 0.2 706444128. 0.3 472341828. 0.4 354775155. 0.5 281904875. 0.6 231054556. 1. 106729463. 1.333 54905371. 2. 17619401. 2.875 6087261. 5. 1131182. 10. 140949.  
LSPA-N D 050930 999999 17 0.02 800405639. 0.025 1341482939. 0.033 2093067990. 0.05 2330761516. 0.067 1970621364. 0.1 1379593425. 0.2 699539722. 0.3 467359778. 0.4 350878172. 0.5 278961918. 0.6 229153560. 1. 108975022. 1.333 57509613. 2. 18813844. 2.875 6532300. 5. 1216007. 10. 151569.  
