AKS D 000703 999999 17 0.02 209199. 0.025 1636236. 0.033 3282420. 0.05
5279788. 0.067 5150604. 0.1 4325308. 0.2 2713792. 0.3
1848719. 0.4 1249092. 0.5 840377. 0.599 566925. 1. 142722. 1.333 62517.
2. 18618. 2.857 6518. 5. 1215. 10. 151.

AKT D 990824 999999 17 0.02 60981. 0.025 476949. 0.033 956737. 0.04
1923338. 0.045 2248146. 0.067 1890140. 0.1 1593333. 0.2 850304.
0.5 340157. 1. 170082. 2. 85038. 10. 16501. 13.333 11901. 20. 6139.
28.571 2728. 50. 559. 100. 70.

AUC D 990828 999999 17 0.02 97615. 0.025 763480. 0.033 1531579. 0.05
2463497. 0.067 2403262. 0.1 2018910. 0.2 1279324. 0.3 911033.
0.4 682854. 0.5 541207. 0.599 442354. 1. 202997. 1.333 106891. 2. 34530.
2.857 12218. 5. 2276. 10. 283.

AUI D 990928 999999 17 0.02 183682. 0.025 1436633. 0.033 2881918. 0.05
4635288. 0.067 4521697. 0.1 3797936. 0.2 2404549. 0.3 1709834.
0.4 1279024. 0.5 1011234. 0.599 824369. 1. 376012. 1.333 198486. 2.
64520. 2.857 22909. 5. 4278. 10. 534.

AUR D 980911 999999 17 0.02 388612. 0.025 3039470. 0.033 6097329. 0.05
9807360. 0.067 9567560. 0.1 8037427. 0.2 5093084. 0.3
3626890. 0.4 2718492. 0.5 2154584. 0.599 1761045. 1. 808148. 1.333
425544. 2. 137469. 2.857 48641. 5. 9061. 10. 1130.

AUS D 990928 999999 17 0.02 190114. 0.025 1486892. 0.033 2982533. 0.05
4796176. 0.067 4677355. 0.1 3925591. 0.2 2474859. 0.3
1747533. 0.4 1294957. 0.5 1012386. 0.599 815710. 1. 362536. 1.333
193365. 2. 64593. 2.857 23311. 5. 4403. 10. 551.

CGL D 000817 999999 17 0.02 873896. 0.025 6834919. 0.033 13710636. 0.05
22050586. 0.067 21507959. 0.1 18059880. 0.2 11415506. 0.3
8095423. 0.4 6033473. 0.5 4749108. 0.599 3853431. 1. 1739062. 1.333
921939. 2. 303009. 2.857 108283. 5. 20309. 10. 2539.

CRP D 000824 999999 17 0.02 873896. 0.025 6834919. 0.033 13710636. 0.05
22050586. 0.067 21507959. 0.1 18059880. 0.2 11415506. 0.3
8095423. 0.4 6033473. 0.5 4749108. 0.599 3853431. 1. 1739062. 1.333
921939. 2. 303009. 2.857 108283. 5. 20309. 10. 2539.

HOM  D 990929 999999 17 0.02 48923. 0.025 382646. 0.033 767608. 0.05
1234673. 0.067 1204484. 0.1 1011852. 0.2 641181. 0.3 456598. 0.4
342237. 0.5 271246. 0.599 221702. 1. 101739. 1.333 53572. 2. 17306.
2.857 6123. 5. 1140. 10. 142.

KAHC D 990714 999999 17 0.02 873896. 0.025 6834919. 0.033 13710636. 0.05
22050586. 0.067 21507959. 0.1 18059880. 0.2 11415506. 0.3
8095423. 0.4 6033473. 0.5 4749108. 0.599 3853431. 1. 1739062. 1.333
921939. 2. 303009. 2.857 108283. 5. 20309. 10. 2539.

KAHG D 990717 999999 17 0.02 219512. 0.025 1716854. 0.033 3443956. 0.05
5538856. 0.067 5402555. 0.1 4536436. 0.2 2867445. 0.3
2033478. 0.4 1515539. 0.5 1192922. 0.599 967938. 1. 436832. 1.333
231580. 2. 76112. 2.857 27199. 5. 5101. 10. 637.

MSW D 000630 999999 17 0.02 209199. 0.025 1636236. 0.033 3282420. 0.05
5279788. 0.067 5150604. 0.1 4325308. 0.2 2713792. 0.3
1848719. 0.4 1249092. 0.5 840377. 0.599 566925. 1. 142722. 1.333 62517.
2. 18618. 2.857 6518. 5. 1215. 10. 151.

MTBL D 000627 999999 17 0.02 217248. 0.025 1699140. 0.033 3408402. 0.05
5481579. 0.067 5346554. 0.1 4489091. 0.2 2836356. 0.3
2009903. 0.4 1496188. 0.5 1175689. 0.599 951882. 1. 425254. 1.333
224494. 2. 73704. 2.857 26355. 5. 4947. 10. 618.

PV6 D 970913 999999 17 0.02 43149. 0.025 337483. 0.033 676981. 0.05
1088755. 0.067 1061879. 0.1 891165. 0.2 557268. 0.3 377825. 0.4
254262. 0.5 170831. 0.599 115350. 1. 29240. 1.333 12844. 2. 3833. 2.857
1343. 5. 250. 10. 31.

SPU D 980811 999999 17 0.02 219512. 0.025 1716854. 0.033 3443956. 0.05
5538856. 0.067 5402555. 0.1 4536436. 0.2 2867445. 0.3 2033478.
0.4 1515539. 0.5 1192922. 0.599 967938. 1. 436832. 1.333 231580. 2.
76112. 2.857 27199. 5. 5101. 10. 637.

SSLN D 970721 999999 17 0.02 388612. 0.025 3039470. 0.033 6097329. 0.05
9807360. 0.067 9567560. 0.1 8037427. 0.2 5093084. 0.3
3626890. 0.4 2718492. 0.5 2154584. 0.599 1761045. 1. 808148. 1.333
425544. 2. 137469. 2.857 48641. 5. 9061. 10. 1130.