GALA D 031221 999999 17 0.02 3247279. 0.025 5442448. 0.033 8491642. 0.05 9455919. 0.067 7994761. 0.1 5596825. 0.2 2837294. 0.3 1894280. 0.4 1419902. 0.5 1125431. 0.6 919926. 1. 422218. 1.333 217776. 2. 70340. 2.875 24389. 5. 4543. 10. 566. 
GAEA D 031221 999999 17 0.02 6479174. 0.025 10859112. 0.033 16943054. 0.05 18867040. 0.067 15951646. 0.1 11167134. 0.2 5661146. 0.3 3779585. 0.4 2833077. 0.5 2245530. 0.6 1835494. 1. 842436. 1.333 434520. 2. 140348. 2.875 48663. 5. 9064. 10. 1130. 
GAKI D 031221 999999 17 0.02 12927653. 0.025 21666778. 0.033 33805837. 0.05 37644694. 0.067 31827718. 0.1 22281362. 0.2 11295472. 0.3 7541264. 0.4 5652733. 0.5 4480422. 0.6 3662293. 1. 1680882. 1.333 866982. 2. 280031. 2.875 97095. 5. 18086. 10. 2255. 
GANE D 031221 999999 17 0.02 6479174. 0.025 10859112. 0.033 16943054. 0.05 18867040. 0.067 15951646. 0.1 11167134. 0.2 5661146. 0.3 3779585. 0.4 2833077. 0.5 2245530. 0.6 1835494. 1. 842436. 1.333 434520. 2. 140348. 2.875 48663. 5. 9064. 10. 1130. 
GANO D 031221 999999 17 0.02 3247279. 0.025 5442448. 0.033 8491642. 0.05 9455919. 0.067 7994761. 0.1 5596825. 0.2 2837294. 0.3 1894280. 0.4 1419902. 0.5 1125431. 0.6 919926. 1. 422218. 1.333 217776. 2. 70340. 2.875 24389. 5. 4543. 10. 566. 
GASW D 031221 999999 17 0.02 6040876. 0.025 10125222. 0.033 15800310. 0.05 17601563. 0.067 14889331. 0.1 10435463. 0.2 5280570. 0.3 3412700. 0.4 2329540. 0.5 1572926. 0.6 1058552. 1. 261842. 1.333 111574. 2. 33052. 2.875 11316. 5. 2107. 10. 263. 
TACS D 031221 999999 17 0.02 3247279. 0.025 5442448. 0.033 8491642. 0.05 9455919. 0.067 7994761. 0.1 5596825. 0.2 2837294. 0.3 1894280. 0.4 1419902. 0.5 1125431. 0.6 919926. 1. 422218. 1.333 217776. 2. 70340. 2.875 24389. 5. 4543. 10. 566. 
TAFL D 031221 999999 17 0.02 3247279. 0.025 5442448. 0.033 8491642. 0.05 9455919. 0.067 7994761. 0.1 5596825. 0.2 2837294. 0.3 1894280. 0.4 1419902. 0.5 1125431. 0.6 919926. 1. 422218. 1.333 217776. 2. 70340. 2.875 24389. 5. 4543. 10. 566. 
TAFP D 031221 999999 17 0.02 6040876. 0.025 10125222. 0.033 15800310. 0.05 17601563. 0.067 14889331. 0.1 10435463. 0.2 5280570. 0.3 3412700. 0.4 2329540. 0.5 1572926. 0.6 1058552. 1. 261842. 1.333 111574. 2. 33052. 2.875 11316. 5. 2107. 10. 263. 
TANO D 031221 999999 17 0.02 1627495. 0.025 2727685. 0.033 4255902. 0.05 4739186. 0.067 4006872. 0.1 2805057. 0.2 1422015. 0.3 949388. 0.4 711636. 0.5 564051. 0.6 461055. 1. 211610. 1.333 109146. 2. 35253. 2.875 12223. 5. 2276. 10. 283. 
TAPA D 031221 999999 17 0.02 3247279. 0.025 5442448. 0.033 8491642. 0.05 9455919. 0.067 7994761. 0.1 5596825. 0.2 2837294. 0.3 1894280. 0.4 1419902. 0.5 1125431. 0.6 919926. 1. 422218. 1.333 217776. 2. 70340. 2.875 24389. 5. 4543. 10. 566. 
TASE D 031221 999999 17 0.02 6479174. 0.025 10859112. 0.033 16943054. 0.05 18867040. 0.067 15951646. 0.1 11167134. 0.2 5661146. 0.3 3779585. 0.4 2833077. 0.5 2245530. 0.6 1835494. 1. 842436. 1.333 434520. 2. 140348. 2.875 48663. 5. 9064. 10. 1130. 
OKCF D 020814 999999 17 0.02 48940. 0.025 382782. 0.033 767881. 0.05 1235114. 0.067 1204915. 0.1 1012218. 0.2 641426. 0.3 456788. 0.4 342396. 0.5 271387. 0.6 221832. 1. 101814. 1.333 53608. 2. 17315. 2.875 6126. 5. 1141. 10. 142. 
OKER D 020814 999999 17 0.02 194836. 0.025 1523885. 0.033 3056991. 0.05 4917078. 0.067 4796856. 0.1 4029714. 0.2 2553564. 0.3 1818508. 0.4 1363106. 0.5 1080413. 0.6 883129. 1. 405329. 1.333 213420. 2. 68934. 2.875 24389. 5. 4543. 10. 566. 
OKID D 020814 999999 17 0.02 388750. 0.025 3040551. 0.033 6099499. 0.05 9810860. 0.067 9570987. 0.1 8040336. 0.2 5095031. 0.3 3628402. 0.4 2719754. 0.5 2155709. 0.6 1762074. 1. 808739. 1.333 425830. 2. 137541. 2.875 48663. 5. 9064. 10. 1130. 
OKRE D 020814 999999 17 0.02 194836. 0.025 1523885. 0.033 3056991. 0.05 4917078. 0.067 4796856. 0.1 4029714. 0.2 2553564. 0.3 1818508. 0.4 1363106. 0.5 1080413. 0.6 883129. 1. 405329. 1.333 213420. 2. 68934. 2.875 24389. 5. 4543. 10. 566. 
OKSP D 020814 999999 17 0.02 194836. 0.025 1523885. 0.033 3056991. 0.05 4917078. 0.067 4796856. 0.1 4029714. 0.2 2553564. 0.3 1818508. 0.4 1363106. 0.5 1080413. 0.6 883129. 1. 405329. 1.333 213420. 2. 68934. 2.875 24389. 5. 4543. 10. 566. 
OKTU D 020814 999999 17 0.02 388750. 0.025 3040551. 0.033 6099499. 0.05 9810860. 0.067 9570987. 0.1 8040336. 0.2 5095031. 0.3 3628402. 0.4 2719754. 0.5 2155709. 0.6 1762074. 1. 808739. 1.333 425830. 2. 137541. 2.875 48663. 5. 9064. 10. 1130. 
OKWE D 020814 999999 17 0.02 388750. 0.025 3040551. 0.033 6099499. 0.05 9810860. 0.067 9570987. 0.1 8040336. 0.2 5095031. 0.3 3628402. 0.4 2719754. 0.5 2155709. 0.6 1762074. 1. 808739. 1.333 425830. 2. 137541. 2.875 48663. 5. 9064. 10. 1130. 
OKWR D 020814 999999 17 0.02 97649. 0.025 763752. 0.033 1532124. 0.05 2464376. 0.067 2404123. 0.1 2019641. 0.2 1279814. 0.3 911413. 0.4 683171. 0.5 541489. 0.6 442613. 1. 203146. 1.333 106963. 2. 34548. 2.875 12223. 5. 2276. 10. 283. 
VNFG D 020620 999999 17 0.02 97649. 0.025 763752. 0.033 1532124. 0.05 2464376. 0.067 2404123. 0.1 2019641. 0.2 1279814. 0.3 911413. 0.4 683171. 0.5 541489. 0.6 442613. 1. 203146. 1.333 106963. 2. 34548. 2.875 12223. 5. 2276. 10. 283. 
VNHG D 020206 999999 17 0.02 194836. 0.025 1523885. 0.033 3056991. 0.05 4917078. 0.067 4796856. 0.1 4029714. 0.2 2553564. 0.3 1818508. 0.4 1363106. 0.5 1080413. 0.6 883129. 1. 405329. 1.333 213420. 2. 68934. 2.875 24389. 5. 4543. 10. 566. 
VNKR D 020620 999999 17 0.02 194836. 0.025 1523885. 0.033 3056991. 0.05 4917078. 0.067 4796856. 0.1 4029714. 0.2 2553564. 0.3 1818508. 0.4 1363106. 0.5 1080413. 0.6 883129. 1. 405329. 1.333 213420. 2. 68934. 2.875 24389. 5. 4543. 10. 566. 
VNNF D 020620 999999 17 0.02 194836. 0.025 1523885. 0.033 3056991. 0.05 4917078. 0.067 4796856. 0.1 4029714. 0.2 2553564. 0.3 1818508. 0.4 1363106. 0.5 1080413. 0.6 883129. 1. 405329. 1.333 213420. 2. 68934. 2.875 24389. 5. 4543. 10. 566. 
VNSG D 020206 999999 17 0.02 97649. 0.025 763752. 0.033 1532124. 0.05 2464376. 0.067 2404123. 0.1 2019641. 0.2 1279814. 0.3 911413. 0.4 683171. 0.5 541489. 0.6 442613. 1. 203146. 1.333 106963. 2. 34548. 2.875 12223. 5. 2276. 10. 283. 
VNSW D 020620 999999 17 0.02 97649. 0.025 763752. 0.033 1532124. 0.05 2464376. 0.067 2404123. 0.1 2019641. 0.2 1279814. 0.3 911413. 0.4 683171. 0.5 541489. 0.6 442613. 1. 203146. 1.333 106963. 2. 34548. 2.875 12223. 5. 2276. 10. 283. 
VNWF D 020206 999999 17 0.02 194836. 0.025 1523885. 0.033 3056991. 0.05 4917078. 0.067 4796856. 0.1 4029714. 0.2 2553564. 0.3 1818508. 0.4 1363106. 0.5 1080413. 0.6 883129. 1. 405329. 1.333 213420. 2. 68934. 2.875 24389. 5. 4543. 10. 566. 
VNSS D 020206 020717 17 0.02 194836. 0.025 1523885. 0.033 3056991. 0.05 4917078. 0.067 4796856. 0.1 4029714. 0.2 2553564. 0.3 1818508. 0.4 1363106. 0.5 1080413. 0.6 883129. 1. 405329. 1.333 213420. 2. 68934. 2.875 24389. 5. 4543. 10. 566. 
VNSS D 020717 999999 17 0.02 775659. 0.025 6066697. 0.033 12170101. 0.05 19575241. 0.067 19096631. 0.1 16042581. 0.2 10165924. 0.3 7239614. 0.4 5426623. 0.5 4301205. 0.6 3515801. 1. 1613647. 1.333 849642. 2. 274431. 2.875 97095. 5. 18086. 10. 2255. 
BPBC D 020620 999999 17 0.02 194836. 0.025 1523885. 0.033 3056991. 0.05 4917078. 0.067 4796856. 0.1 4029714. 0.2 2553564. 0.3 1818508. 0.4 1363106. 0.5 1080413. 0.6 883129. 1. 405329. 1.333 213420. 2. 68934. 2.875 24389. 5. 4543. 10. 566. 
PN7A D 960711 999999 17 0.02 194836. 0.025 1523885. 0.033 3056991. 0.05 4917078. 0.067 4796856. 0.1 4029714. 0.2 2553564. 0.3 1818508. 0.4 1363106. 0.5 1080413. 0.6 883129. 1. 405329. 1.333 213420. 2. 68934. 2.875 24389. 5. 4543. 10. 566. 
PS1A D 960711 999999 17 0.02 97649. 0.025 763752. 0.033 1532124. 0.05 2464376. 0.067 2404123. 0.1 2019641. 0.2 1279814. 0.3 911413. 0.4 683171. 0.5 541489. 0.6 442613. 1. 203146. 1.333 106963. 2. 34548. 2.875 12223. 5. 2276. 10. 283. 
PS4A D 960711 999999 17 0.02 97649. 0.025 763752. 0.033 1532124. 0.05 2464376. 0.067 2404123. 0.1 2019641. 0.2 1279814. 0.3 911413. 0.4 683171. 0.5 541489. 0.6 442613. 1. 203146. 1.333 106963. 2. 34548. 2.875 12223. 5. 2276. 10. 283. 
PV6 D 960711 970913 17 0.02 22869. 0.025 178880. 0.033 358895. 0.05 577503. 0.067 563671. 0.1 474071. 0.2 299863. 0.3 206713. 0.4 141104. 0.5 95275. 0.6 64118. 1. 15860. 1.333 6899. 2. 2043. 2.875 714. 5. 132. 10. 16. 
PV6 D 970913 999999 17 0.02 45630. 0.025 356913. 0.033 716090. 0.05 1152270. 0.067 1124673. 0.1 945897. 0.2 598305. 0.3 412448. 0.4 281540. 0.5 190098. 0.6 127933. 1. 31645. 1.333 13765. 2. 4077. 2.875 1424. 5. 265. 10. 33. 
PVV D 960711 999999 17 0.02 194836. 0.025 1523885. 0.033 3056991. 0.05 4917078. 0.067 4796856. 0.1 4029714. 0.2 2553564. 0.3 1818508. 0.4 1363106. 0.5 1080413. 0.6 883129. 1. 405329. 1.333 213420. 2. 68934. 2.875 24389. 5. 4543. 10. 566. 
HAG D 960711 999999 17 0.02 194836. 0.025 1523885. 0.033 3056991. 0.05 4917078. 0.067 4796856. 0.1 4029714. 0.2 2553564. 0.3 1818508. 0.4 1363106. 0.5 1080413. 0.6 883129. 1. 405329. 1.333 213420. 2. 68934. 2.875 24389. 5. 4543. 10. 566. 
DOL D 960711 999999 17 0.02 388750. 0.025 3040551. 0.033 6099499. 0.05 9810860. 0.067 9570987. 0.1 8040336. 0.2 5095031. 0.3 3628402. 0.4 2719754. 0.5 2155709. 0.6 1762074. 1. 808739. 1.333 425830. 2. 137541. 2.875 48663. 5. 9064. 10. 1130. 
DRR3 D 960711 999999 17 0.02 194836. 0.025 1523885. 0.033 3056991. 0.05 4917078. 0.067 4796856. 0.1 4029714. 0.2 2553564. 0.3 1818508. 0.4 1363106. 0.5 1080413. 0.6 883129. 1. 405329. 1.333 213420. 2. 68934. 2.875 24389. 5. 4543. 10. 566. 
BLHA D 960711 990817 17 0.02 194836. 0.025 1523885. 0.033 3056991. 0.05 4917078. 0.067 4796856. 0.1 4029714. 0.2 2553564. 0.3 1818508. 0.4 1363106. 0.5 1080413. 0.6 883129. 1. 405329. 1.333 213420. 2. 68934. 2.875 24389. 5. 4543. 10. 566. 
BLHA D 990818 999999 17 0.02 388750. 0.025 3040551. 0.033 6099499. 0.05 9810860. 0.067 9570987. 0.1 8040336. 0.2 5095031. 0.3 3628402. 0.4 2719754. 0.5 2155709. 0.6 1762074. 1. 808739. 1.333 425830. 2. 137541. 2.875 48663. 5. 9064. 10. 1130. 
BLDY D 960711 970726 17 0.02 97649. 0.025 763752. 0.033 1532124. 0.05 2464376. 0.067 2404123. 0.1 2019641. 0.2 1279814. 0.3 911413. 0.4 683171. 0.5 541489. 0.6 442613. 1. 203146. 1.333 106963. 2. 34548. 2.875 12223. 5. 2276. 10. 283. 
BLDY D 970727 999999 17 0.02 194836. 0.025 1523885. 0.033 3056991. 0.05 4917078. 0.067 4796856. 0.1 4029714. 0.2 2553564. 0.3 1818508. 0.4 1363106. 0.5 1080413. 0.6 883129. 1. 405329. 1.333 213420. 2. 68934. 2.875 24389. 5. 4543. 10. 566. 
