KOWE D 050310 999999 17 0.02 371365. 0.025 2904589. 0.033 5826789. 0.05
9372382. 0.067 9143459. 0.1 7681733. 0.2 4869689. 0.3 3470203. 0.4 2603528.
0.5 2065887. 0.6 1690685. 1. 778170. 1.333 409260. 2. 131810. 2.875 46560.
5. 8663. 10. 1080.
KOSE D 050310 999999 17 0.02 93918. 0.025 734570. 0.033 1473582. 0.05
2370202. 0.067 2312237. 0.1 1942417. 0.2 1230791. 0.3 876468. 0.4 657052.
0.5 521007. 0.6 426244. 1. 197190. 1.333 104437. 2. 33866. 2.875 11992. 5.
2234. 10. 278.
KONW D 050310 999999 17 0.02 182672. 0.025 1428740. 0.033 2866121. 0.05
4610055. 0.067 4497320. 0.1 3778034. 0.2 2393915. 0.3 1704619. 0.4 1277536.
0.5 1012393. 0.6 827357. 1. 379546. 1.333 199884. 2. 64594. 2.875 22860. 5.
4259. 10. 531.
KONE D 050310 999999 17 0.02 46807. 0.025 366098. 0.033 734425. 0.05
1181365. 0.067 1152567. 0.1 968449. 0.2 614391. 0.3 438342. 0.4 329350. 0.5
261735. 0.6 214457. 1. 98385. 1.333 51333. 2. 16389. 2.875 5769. 5. 1071.
10. 133.
KOKL D 050310 999999 17 0.02 366554. 0.025 2866946. 0.033 5751240. 0.05
9250705. 0.067 9024542. 0.1 7581328. 0.2 4804523. 0.3 3422486. 0.4 2567251.
0.5 2037780. 0.6 1669674. 1. 779822. 1.333 415250. 2. 134988. 2.875 47799.
5. 8902. 10. 1110.
KOFP D 050310 999999 17 0.02 379228. 0.025 2966084. 0.033 5950139. 0.05
9570731. 0.067 9336881. 0.1 7844028. 0.2 4971760. 0.3 3541670. 0.4 2655376.
0.5 2104682. 0.6 1719621. 1. 783797. 1.333 410137. 2. 131824. 2.875 46573.
5. 8670. 10. 1081.


KOKV D 050309 999999 17 0.02 45630. 0.025 356913. 0.033 716090. 0.05
1152270. 0.067 1124673. 0.1 945897. 0.2 598305. 0.3 412448. 0.4 281540. 0.5
190098. 0.6 127933. 1. 31645. 1.333 13765. 2. 4077. 2.875 1424. 5. 265. 10.
33.

