OKID D 030108 999999 17 0.02 388612. 0.025 3039470. 0.033 6097329. 0.05 9807360. 0.067 9567560. 0.1 8037427. 0.2 5093084. 0.3 3626890. 0.4 2718492. 0.5 2154584. 0.599 1761045. 1. 808148. 1.333 425544. 2. 137469. 2.857 48641. 5. 9061. 10. 1130. 

OKRE D 030108 999999 17 0.02 194767. 0.025 1523343. 0.033 3055903. 0.05 4915324. 0.067 4795139. 0.1 4028256. 0.2 2552588. 0.3 1817751. 0.4 1362473. 0.5 1079850. 0.599 882613. 1. 405033. 1.333 213277. 2. 68898. 2.857 24378. 5. 4541. 10. 566. 

OKSP D 030108 999999 17 0.02 194767. 0.025 1523343. 0.033 3055903. 0.05 4915324. 0.067 4795139. 0.1 4028256. 0.2 2552588. 0.3 1817751. 0.4 1362473. 0.5 1079850. 0.599 882613. 1. 405033. 1.333 213277. 2. 68898. 2.857 24378. 5. 4541. 10. 566. 

OKTU D 030108 999999 17 0.02 388612. 0.025 3039470. 0.033 6097329. 0.05 9807360. 0.067 9567560. 0.1 8037427. 0.2 5093084. 0.3 3626890. 0.4 2718492. 0.5 2154584. 0.599 1761045. 1. 808148. 1.333 425544. 2. 137469. 2.857 48641. 5. 9061. 10. 1130. 

OKWE D 030108 999999 17 0.02 388612. 0.025 3039470. 0.033 6097329. 0.05 9807360. 0.067 9567560. 0.1 8037427. 0.2 5093084. 0.3 3626890. 0.4 2718492. 0.5 2154584. 0.599 1761045. 1. 808148. 1.333 425544. 2. 137469. 2.857 48641. 5. 9061. 10. 1130. 

