KOKV D 050309 999999 17 0.02 6040876. 0.025 10125222. 0.033 15800310. 0.05
17601563. 0.067 14889331. 0.1 10435463. 0.2 5280570. 0.3 3412700. 0.4
2329540. 0.5 1572926. 0.6 1058552. 1. 261842. 1.333 111574. 2. 33052. 2.875
11316. 5. 2107. 10. 263.

PLBL D 040801 999999 17 0.02 3043308. 0.025 5100565. 0.033 7958124. 0.05
8861531. 0.067 7491884. 0.1 5244124. 0.2 2656906. 0.3 1772609. 0.4 1328271.
0.5 1053525. 0.6 863170. 1. 407621. 1.333 215531. 2. 70973. 2.875 24739. 5.
4617. 10. 576.
PLK1 D 040801 999999 17 0.02 3247279. 0.025 5442448. 0.033 8491642. 0.05
9455919. 0.067 7994761. 0.1 5596825. 0.2 2837294. 0.3 1894280. 0.4 1419902.
0.5 1125431. 0.6 919926. 1. 422218. 1.333 217776. 2. 70340. 2.875 24389. 5.
4543. 10. 566.
PLK2 D 040801 999999 17 0.02 3051847. 0.025 5114890. 0.033 7980519. 0.05
8886610. 0.067 7513252. 0.1 5259406. 0.2 2665435. 0.3 1778919. 0.4 1333226.
0.5 1057123. 0.6 865151. 1. 402882. 1.333 210364. 2. 68581. 2.875 23838. 5.
4444. 10. 554.
PLK3 D 040801 999999 17 0.02 6040876. 0.025 10125222. 0.033 15800310. 0.05
17601563. 0.067 14889331. 0.1 10435463. 0.2 5280570. 0.3 3412700. 0.4
2329540. 0.5 1572926. 0.6 1058552. 1. 261842. 1.333 111574. 2. 33052. 2.875
11316. 5. 2107. 10. 263.

PLK4 D 040801 999999 17 0.02 3109007. 0.025 5210673. 0.033 8129908. 0.05
9052775. 0.067 7653518. 0.1 5357144. 0.2 2713618. 0.3 1809282. 0.4 1353697.
0.5 1070543. 0.6 872954. 1. 398420. 1.333 205970. 2. 66910. 2.875 23274. 5.
4345. 10. 542.
PLK5 D 040801 999999 17 0.02 3044190. 0.025 5102122. 0.033 7960820. 0.05
8865376. 0.067 7496130. 0.1 5249069. 0.2 2664575. 0.3 1782851. 0.4 1340185.
0.5 1065670. 0.6 873732. 1. 401428. 1.333 205037. 2. 65363. 2.875 22530. 5.
4181. 10. 520.
PLWL D 040801 999999 17 0.02 3087593. 0.025 5174815. 0.033 8074068. 0.05
8990943. 0.067 7601656. 0.1 5321683. 0.2 2698130. 0.3 1802148. 0.4 1352306.
0.5 1074177. 0.6 881178. 1. 415171. 1.333 217829. 2. 71049. 2.875 24665. 5.
4593. 10. 572.

