 732889.033  13
 732889.075  13
 732889.114  13
 732889.158  13
 732889.200  13
 732889.241  13
 732889.283  13
 732889.325  13
 732889.366  13
 732889.408  13
 732889.450  13
 732889.491  13
 732889.533  13
 732889.575  13
 732889.616  13
 732889.658  13
 732889.700  13
 732889.741  13
 732889.783  13
 732889.825  13
 732889.866  13
 732889.908  13
 732889.950  13
 732889.991  13
 732890.033  13
 732890.075  13
 732890.116  13
 732890.158  13
 732890.200  13
 732890.241  13
 732890.283  13
 732890.325  13
 732890.366  13
 732890.408  13
 732890.450  13
 732890.491  13
 732890.533  13
 732890.575  13
 732890.616  13
 732890.658  13
 732890.700  13
 732890.741  13
 732890.783  13
 732890.825  13
 732890.866  13
 732890.908  13
 732890.950  13
 732890.991  13
 732891.033  13
 732891.075  13
 732891.116  13
 732891.158  13
 732891.200  13
 732891.241  13
 732891.283  13
 732891.325  13
 732891.366  13
 732891.408  13
 732891.450  13
 732891.491  13
 732891.533  13
 732891.575  13
 732891.616  13
 732891.658  13
 732891.697  13
 732891.744  13
 732891.783  13
 732891.825  13
 732891.866  13
 732891.908  13
 732891.950  13
 732891.991  13
 732892.033  13
 732892.075  13
 732892.116  13
 732892.158  13
 732892.200  13
 732892.241  13
 732892.283  13
 732892.325  13
 732892.366  13
 732892.408  13
 732892.450  13
 732892.491  13
 732892.533  13
 732892.575  13
 732892.616  13
 732892.658  13
 732892.700  13
 732892.741  13
 732892.783  13
 732892.825  13
 732892.866  13
 732892.908  13
 732892.950  13
 732892.991  13
 732893.033  13
 732893.075  13
 732893.116  13
 732893.158  13
 732893.200  13
 732893.241  13
 732893.283  13
 732893.325  13
 732893.366  13
 732893.408  13
 732893.450  13
 732893.491  13
 732893.533  13
 732893.575  13
 732893.616  13
 732893.658  13
 732893.700  13
 732893.741  13
 732893.783  13
 732893.825  13
 732893.866  13
 732893.908  13
 732893.950  13
 732893.991  13
 732894.033  13
 732894.075  13
 732894.200  13
 732894.241  13
 732894.283  13
 732894.325  13
 732894.366  13
 732894.408  13
 732894.450  13
 732894.491  13
 732894.533  13
 732894.575  13
 732894.616  13
 732894.658  13
 732894.700  13
 732894.741  13
 732894.783  13
 732894.825  13
 732894.866  13
 732894.908  13
 732894.950  13
 732894.991  13
 732895.033  13
 732895.075  13
 732895.116  13
 732895.158  13
 732895.200  13
 732895.241  13
 732895.283  13
 732895.325  13
 732895.366  13
 732895.408  13
 732895.450  13
 732895.491  13
 732895.533  13
 732895.575  13
 732895.616  13
 732895.658  13
 732895.700  13
 732895.741  13
 732895.783  13
 732895.825  13
 732895.866  13
 732895.908  13
 732895.950  13
 732895.991  13
 732896.033  13
 732896.075  13
 732896.116  13
 732896.158  13
 732896.200  13
 732896.241  13
 732896.283  13
 732896.325  13
 732896.366  13
 732896.408  13
 732896.450  13
 732896.491  13
 732896.533  13
 732896.575  13
 732896.616  13
 732896.658  13
 732896.700  13
 732896.741  13
 732896.783  13
 732896.825  13
 732896.866  13
 732896.908  13
 732896.950  13
 732896.991  13
 732897.033  13
 732897.075  13
 732897.116  13
 732897.158  13
 732897.200  13
 732897.241  13
 732897.283  13
 732897.325  13
 732897.366  13
 732897.408  13
 732897.450  13
 732897.491  13
 732897.533  13
 732897.575  13
 732897.616  13
 732897.658  13
 732897.700  13
 732897.741  13
 732897.783  13
 732897.825  13
 732897.866  13
 732897.908  13
 732897.950  13
 732897.991  13
 732898.033  13
 732898.075  13
 732898.116  13
 732898.158  13
 732898.200  13
 732898.241  13
 732898.283  13
 732898.325  13
 732898.366  13
 732898.408  13
 732898.450  13
 732898.491  13
 732898.533  13
 732898.575  13
 732898.616  13
 732898.658  13
 732898.700  13
 732898.741  13
 732898.783  13
 732898.825  13
 732898.866  13
 732898.908  13
 732898.950  13
 732898.991  13
 732899.033  13
 732899.075  13
 732899.116  13
 732899.158  13
 732899.200  13
 732899.241  13
 732899.283  13
 732899.325  13
 732899.366  13
 732899.408  13
 732899.450  13
 732899.491  13
 732899.533  13
 732899.575  13
 732899.616  13
 732899.658  13
 732899.700  13
 732899.741  13
 732899.783  13
 732899.825  13
 732899.866  13
 732899.908  13
 732899.950  13
 732899.991  13
 732900.033  13
 732900.075  13
 732900.116  13
 732900.158  13
 732900.200  13
 732900.241  13
 732900.283  13
 732900.325  13
 732900.366  13
 732900.408  13
 732900.450  13
 732900.491  13
 732900.533  13
 732900.575  13
 732900.616  13
 732900.658  13
 732900.700  13
 732900.741  13
 732900.783  13
 732900.825  13
 732900.866  13
 732900.908  13
 732900.950  13
 732900.991  13
 732901.033  13
 732901.075  13
 732901.116  13
 732901.158  13
 732901.200  13
 732901.241  13
 732901.283  13
 732901.325  13
 732901.366  13
 732901.408  13
 732901.450  13
 732901.491  13
 732901.533  13
 732901.575  13
 732901.616  13
 732901.658  13
 732901.700  13
 732901.741  13
 732901.783  13
 732901.825  13
 732901.866  13
 732901.908  13
 732901.950  13
 732901.991  13
 732902.033  13
 732902.075  13
 732902.116  13
 732902.158  13
 732902.200  13
 732902.241  13
 732902.283  13
 732902.325  13
 732902.366  13
 732902.408  13
 732902.450  13
 732902.491  13
 732902.533  13
 732902.575  13
 732902.616  13
 732902.658  13
 732902.700  13
 732902.741  13
 732902.783  13
 732902.825  13
 732902.866  13
 732902.908  13
 732902.950  13
 732902.991  13
 732903.033  13
 732903.075  13
 732903.116  13
 732903.158  13
 732903.200  13
 732903.241  13
 732903.283  13
 732903.325  13
 732903.366  13
 732903.408  13
 732903.450  13
 732903.491  13
 732903.533  13
 732903.575  13
 732903.616  13
 732903.658  13
 732903.700  13
 732903.741  13
 732903.783  13
 732903.825  13
 732903.866  13
 732903.908  13
 732903.950  13
 732903.991  13
 732904.033  13
 732904.075  13
 732904.116  13
 732904.158  13
 732904.200  13
 732904.241  13
 732904.283  13
 732904.325  13
 732904.366  13
 732904.408  13
 732904.450  13
 732904.491  13
 732904.533  13
 732904.575  13
 732904.616  13
 732904.658  13
 732904.700  13
 732904.741  13
 732904.783  13
 732904.825  13
 732904.866  13
 732904.912  13
 732904.950  13
 732904.991  13
 732905.033  13
 732905.075  13
 732905.116  13
 732905.158  13
 732905.200  13
 732905.241  13
 732905.283  13
 732905.325  13
 732905.366  13
 732905.408  13
 732905.450  13
 732905.491  13
 732905.533  13
 732905.575  13
 732905.616  13
 732905.658  13
 732905.700  13
 732905.741  13
 732905.783  13
 732905.825  13
 732905.866  13
 732905.908  13
 732905.950  13
 732905.991  13
 732906.033  13
 732906.075  13
 732906.116  13
 732906.158  13
 732906.200  13
 732906.241  13
 732906.283  13
 732906.325  13
 732906.366  13
 732906.408  13
 732906.450  13
 732906.491  13
 732906.533  13
 732906.575  13
 732906.616  13
 732906.658  13
 732906.700  13
 732906.741  13
 732906.783  13
 732906.825  13
 732906.866  13
 732906.908  13
 732906.950  13
 732906.991  13
 732907.033  13
 732907.075  13
 732907.116  13
 732907.158  13
 732907.200  13
 732907.241  13
 732907.283  13
 732907.325  13
 732907.366  13
 732907.408  13
 732907.450  13
 732907.491  13
 732907.533  13
 732907.575  13
 732907.616  13
 732907.658  13
 732907.700  13
 732907.741  13
 732907.783  13
 732907.825  13
 732907.866  13
 732907.908  13
 732907.947  13
 732907.991  13
 732908.033  13
 732908.075  13
 732908.116  13
 732908.158  13
 732908.200  13
 732908.241  13
 732908.283  13
 732908.325  13
 732908.366  13
 732908.408  13
 732908.452  13
 732908.489  13
 732908.531  13
 732908.573  13
 732908.615  13
 732908.656  13
 732908.698  13
 732908.740  13
 732908.781  13
 732908.824  13
 732908.864  13
 732908.906  13
 732908.948  13
 732908.989  13
 732909.031  13
 732909.072  13
 732909.115  13
 732909.156  13
 732909.198  13
 732909.239  13
 732909.281  13
 732909.324  13
 732909.364  13
 732909.408  13
 732909.450  13
 732909.491  13
 732909.533  13
 732909.575  13
 732909.616  13
 732909.658  13
 732909.700  13
 732909.741  13
 732909.783  13
 732909.825  13
 732909.866  13
 732909.908  13
 732909.950  13
 732909.991  13
 732910.033  13
 732910.075  13
 732910.116  13
 732910.158  13
 732910.200  13
 732910.241  13
 732910.283  13
 732910.325  13
 732910.366  13
 732910.408  13
 732910.450  13
 732910.491  13
 732910.533  13
 732910.575  13
 732910.616  13
 732910.658  13
 732910.700  13
 732910.741  13
 732910.783  13
 732910.825  13
 732910.866  13
 732910.908  13
 732910.950  13
 732910.991  13
 732911.033  13
 732911.075  13
 732911.116  13
 732911.158  13
 732911.200  13
 732911.241  13
 732911.283  13
 732911.325  13
 732911.366  13
 732911.408  13
 732911.450  13
 732911.491  13
 732911.533  13
 732911.575  13
 732911.616  13
 732911.658  13
 732911.700  13
 732911.741  13
 732911.783  13
 732911.825  13
 732911.866  13
 732911.908  13
 732911.950  13
 732911.991  13
 732912.033  13
 732912.075  13
 732912.116  13
 732912.158  13
 732912.200  13
 732912.241  13
 732912.283  13
 732912.325  13
 732912.366  13
 732912.408  13
 732912.450  13
 732912.491  13
 732912.533  13
 732912.575  13
 732912.616  13
 732912.658  13
 732912.700  13
 732912.741  13
 732912.783  13
 732912.825  13
 732912.866  13
 732912.908  13
 732912.950  13
 732912.992  13
 732913.031  13
 732913.073  13
 732913.115  13
 732913.156  13
 732913.198  13
 732913.240  13
 732913.281  13
 732913.323  13
 732913.364  13
 732913.406  13
 732913.448  13
 732913.491  13
 732913.533  13
 732913.575  13
 732913.616  13
 732913.658  13
 732913.700  13
 732913.741  13
 732913.783  13
 732913.825  13
 732913.866  13
 732913.908  13
 732913.950  13
 732913.991  13
 732914.033  13
 732914.075  13
 732914.116  13
 732914.158  13
 732914.200  13
 732914.241  13
 732914.283  13
 732914.325  13
 732914.366  13
 732914.408  13
 732914.450  13
 732914.491  13
 732914.533  13
 732914.575  13
 732914.616  13
 732914.658  13
 732914.700  13
 732914.741  13
 732914.783  13
 732914.825  13
 732914.866  13
 732914.908  13
 732914.950  13
 732914.991  13
 732915.033  13
 732915.075  13
 732915.116  13
 732915.158  13
 732915.200  13
 732915.241  13
 732915.283  13
 732915.325  13
 732915.366  13
 732915.408  13
 732915.450  13
 732915.491  13
 732915.533  13
 732915.575  13
 732915.616  13
 732915.658  13
 732915.700  13
 732915.741  13
 732915.783  13
 732915.825  13
 732915.866  13
 732915.908  13
 732915.950  13
 732915.991  13
 732916.033  13
 732916.075  13
 732916.116  13
 732916.158  13
 732916.200  13
 732916.241  13
 732916.283  13
 732916.325  13
 732916.366  13
 732916.408  13
 732916.450  13
 732916.491  13
 732916.533  13
 732916.575  13
 732916.616  13
 732916.658  13
 732916.700  13
 732916.741  13
 732916.783  13
 732916.825  13
 732916.866  13
 732916.908  13
 732916.950  13
 732916.991  13
 732917.033  13
 732917.075  13
 732917.116  13
 732917.158  13
 732917.200  13
 732917.242  13
 732917.283  13
 732917.325  13
 732917.366  13
 732917.408  13
 732917.450  13
 732917.492  13
 732917.535  13
 732917.575  13
 732917.616  13
 732917.658  13
 732917.700  13
 732917.741  13
 732917.783  13
 732917.825  13
 732917.866  13
 732917.908  13
 732917.950  13
 732917.991  13
 732918.033  13
 732918.075  13
 732918.116  13
 732918.158  13
 732918.200  13
 732918.241  13
 732918.283  13
 732918.325  13
 732918.366  13
 732918.408  13
 732918.450  13
 732918.491  13
 732918.533  13
 732918.575  13
 732918.616  13
 732918.658  13
 732918.700  13
 732918.741  13
 732918.783  13
 732918.825  13
 732918.866  13
 732918.908  13
 732918.950  13
 732918.991  13
 732919.033  13
 732919.075  13
 732919.116  13
 732919.158  13
 732919.200  13
 732919.241  13
 732919.283  13
 732919.325  13
 732919.366  13
 732919.408  13
 732919.450  13
 732919.491  13
 732919.533  13
 732919.575  13
 732919.616  13
 732919.658  13
 732919.700  13
 732919.741  13
 732919.783  13
 732919.825  13
 732919.866  13
 732919.908  13
 732919.950  13
 732919.991  13
