 732889.033   5
 732889.075   5
 732889.114   5
 732889.158   5
 732889.200   5
 732889.241   5
 732889.283   5
 732889.325   5
 732889.366   5
 732889.408   5
 732889.450   5
 732889.491   5
 732889.533   5
 732889.575   5
 732889.616   5
 732889.658   5
 732889.700   5
 732889.741   5
 732889.783   5
 732889.825   5
 732889.866   5
 732889.908   5
 732889.950   5
 732889.991   5
 732890.033   5
 732890.075   5
 732890.116   5
 732890.158   5
 732890.200   5
 732890.241   5
 732890.283   5
 732890.325   5
 732890.366   5
 732890.408   5
 732890.450   5
 732890.491   5
 732890.533   5
 732890.575   5
 732890.616   5
 732890.658   5
 732890.700   5
 732890.741   5
 732890.783   5
 732890.825   5
 732890.866   5
 732890.908   5
 732890.950   5
 732890.991   5
 732891.033   5
 732891.075   5
 732891.116   5
 732891.158   5
 732891.200   5
 732891.241   5
 732891.283   5
 732891.325   5
 732891.366   5
 732891.408   5
 732891.450   5
 732891.491   5
 732891.533   5
 732891.575   5
 732891.616   5
 732891.658   5
 732891.697   5
 732891.744   5
 732891.783   5
 732891.825   5
 732891.866   5
 732891.908   5
 732891.950   5
 732891.991   5
 732892.033   5
 732892.075   5
 732892.116   5
 732892.158   5
 732892.200   5
 732892.241   5
 732892.283   5
 732892.325   5
 732892.366   5
 732892.408   5
 732892.450   5
 732892.491   5
 732892.533   5
 732892.575   5
 732892.616   5
 732892.658   5
 732892.700   5
 732892.741   5
 732892.783   5
 732892.825   5
 732892.866   5
 732892.908   5
 732892.950   5
 732892.991   5
 732893.033   5
 732893.075   5
 732893.116   5
 732893.158   5
 732893.200   5
 732893.241   5
 732893.283   5
 732893.325   5
 732893.366   5
 732893.408   5
 732893.450   5
 732893.491   5
 732893.533   5
 732893.575   5
 732893.616   5
 732893.658   5
 732893.700   5
 732893.741   5
 732893.783   5
 732893.825   5
 732893.866   5
 732893.908   5
 732893.950   5
 732893.991   5
 732894.033   5
 732894.075   5
 732894.200   5
 732894.241   5
 732894.283   5
 732894.325   5
 732894.366   5
 732894.408   5
 732894.450   5
 732894.491   5
 732894.533   5
 732894.575   5
 732894.616   5
 732894.658   5
 732894.700   5
 732894.741   5
 732894.783   5
 732894.825   5
 732894.866   5
 732894.908   5
 732894.950   5
 732894.991   5
 732895.033   5
 732895.075   5
 732895.116   5
 732895.158   5
 732895.200   5
 732895.241   5
 732895.283   5
 732895.325   5
 732895.366   5
 732895.408   5
 732895.450   5
 732895.491   5
 732895.533   5
 732895.575   5
 732895.616   5
 732895.658   5
 732895.700   5
 732895.741   5
 732895.783   5
 732895.825   5
 732895.866   5
 732895.908   5
 732895.950   5
 732895.991   5
 732896.033   5
 732896.075   5
 732896.116   5
 732896.158   5
 732896.200   5
 732896.241   5
 732896.283   5
 732896.325   5
 732896.366   5
 732896.408   5
 732896.450   5
 732896.491   5
 732896.533   5
 732896.575   5
 732896.616   5
 732896.658   5
 732896.700   5
 732896.741   5
 732896.783   5
 732896.825   5
 732896.866   5
 732896.908   5
 732896.950   5
 732896.991   5
 732897.033   5
 732897.075   5
 732897.116   5
 732897.158   5
 732897.200   5
 732897.241   5
 732897.283   5
 732897.325   5
 732897.366   5
 732897.408   5
 732897.450   5
 732897.491   5
 732897.533   5
 732897.575   5
 732897.616   5
 732897.658   5
 732897.700   5
 732897.741   5
 732897.783   5
 732897.825   5
 732897.866   5
 732897.908   5
 732897.950   5
 732897.991   5
 732898.033   5
 732898.075   5
 732898.116   5
 732898.158   5
 732898.200   5
 732898.241   5
 732898.283   5
 732898.325   5
 732898.366   5
 732898.408   5
 732898.450   5
 732898.491   5
 732898.533   5
 732898.575   5
 732898.616   5
 732898.658   5
 732898.700   5
 732898.741   5
 732898.783   5
 732898.825   5
 732898.866   5
 732898.908   5
 732898.950   5
 732898.991   5
 732899.033   5
 732899.075   5
 732899.116   5
 732899.158   5
 732899.200   5
 732899.241   5
 732899.283   5
 732899.325   5
 732899.366   5
 732899.408   5
 732899.450   5
 732899.491   5
 732899.533   5
 732899.575   5
 732899.616   5
 732899.658   5
 732899.700   5
 732899.741   5
 732899.783   5
 732899.825   5
 732899.866   5
 732899.908   5
 732899.950   5
 732899.991   5
 732900.033   5
 732900.075   5
 732900.116   5
 732900.158   5
 732900.200   5
 732900.241   5
 732900.283   5
 732900.325   5
 732900.366   5
 732900.408   5
 732900.450   5
 732900.491   5
 732900.533   5
 732900.575   5
 732900.616   5
 732900.658   5
 732900.700   5
 732900.741   5
 732900.783   5
 732900.825   5
 732900.866   5
 732900.908   5
 732900.950   5
 732900.991   5
 732901.033   5
 732901.075   5
 732901.116   5
 732901.158   5
 732901.200   5
 732901.241   5
 732901.283   5
 732901.325   5
 732901.366   5
 732901.408   5
 732901.450   5
 732901.491   5
 732901.533   5
 732901.575   5
 732901.616   5
 732901.658   5
 732901.700   5
 732901.741   5
 732901.783   5
 732901.825   5
 732901.866   5
 732901.908   5
 732901.950   5
 732901.991   5
 732902.033   5
 732902.075   5
 732902.116   5
 732902.158   5
 732902.200   5
 732902.241   5
 732902.283   5
 732902.325   5
 732902.366   5
 732902.408   5
 732902.450   5
 732902.491   5
 732902.533   5
 732902.575   5
 732902.616   5
 732902.658   5
 732902.700   5
 732902.741   5
 732902.783   5
 732902.825   5
 732902.866   5
 732902.908   5
 732902.950   5
 732902.991   5
 732903.033   5
 732903.075   5
 732903.116   5
 732903.158   5
 732903.200   5
 732903.241   5
 732903.283   5
 732903.325   5
 732903.366   5
 732903.408   5
 732903.450   5
 732903.491   5
 732903.533   5
 732903.575   5
 732903.616   5
 732903.658   5
 732903.700   5
 732903.741   5
 732903.783   5
 732903.825   5
 732903.866   5
 732903.908   5
 732903.950   5
 732903.991   5
 732904.033   5
 732904.075   5
 732904.116   5
 732904.158   5
 732904.200   5
 732904.241   5
 732904.283   5
 732904.325   5
 732904.366   5
 732904.408   5
 732904.450   5
 732904.491   5
 732904.533   5
 732904.575   5
 732904.616   5
 732904.658   5
 732904.700   5
 732904.741   5
 732904.783   5
 732904.825   5
 732904.866   5
 732904.912   5
 732904.950   5
 732904.991   5
 732905.033   5
 732905.075   5
 732905.116   5
 732905.158   5
 732905.200   5
 732905.241   5
 732905.283   5
 732905.325   5
 732905.366   5
 732905.408   5
 732905.450   5
 732905.491   5
 732905.533   5
 732905.575   5
 732905.616   5
 732905.658   5
 732905.700   5
 732905.741   5
 732905.783   5
 732905.825   5
 732905.866   5
 732905.908   5
 732905.950   5
 732905.991   5
 732906.033   5
 732906.075   5
 732906.116   5
 732906.158   5
 732906.200   5
 732906.241   5
 732906.283   5
 732906.325   5
 732906.366   5
 732906.408   5
 732906.450   5
 732906.491   5
 732906.533   5
 732906.575   5
 732906.616   5
 732906.658   5
 732906.700   5
 732906.741   5
 732906.783   5
 732906.825   5
 732906.866   5
 732906.908   5
 732906.950   5
 732906.991   5
 732907.033   5
 732907.075   5
 732907.116   5
 732907.158   5
 732907.200   5
 732907.241   5
 732907.283   5
 732907.325   5
 732907.366   5
 732907.408   5
 732907.450   5
 732907.491   5
 732907.533   5
 732907.575   5
 732907.616   5
 732907.658   5
 732907.700   5
 732907.741   5
 732907.783   5
 732907.825   5
 732907.866   5
 732907.908   5
 732907.947   5
 732907.991   5
 732908.033   5
 732908.075   5
 732908.116   5
 732908.158   5
 732908.200   5
 732908.241   5
 732908.283   5
 732908.325   5
 732908.366   5
 732908.408   5
 732908.452   5
 732908.489   5
 732908.531   5
 732908.573   5
 732908.615   5
 732908.656   5
 732908.698   5
 732908.740   5
 732908.781   5
 732908.824   5
 732908.864   5
 732908.906   5
 732908.948   5
 732908.989   5
 732909.031   5
 732909.072   5
 732909.115   5
 732909.156   5
 732909.198   5
 732909.239   5
 732909.281   5
 732909.324   5
 732909.364   5
 732909.408   5
 732909.450   5
 732909.491   5
 732909.533   5
 732909.575   5
 732909.616   5
 732909.658   5
 732909.700   5
 732909.741   5
 732909.783   5
 732909.825   5
 732909.866   5
 732909.908   5
 732909.950   5
 732909.991   5
 732910.033   5
 732910.075   5
 732910.116   5
 732910.158   5
 732910.200   5
 732910.241   5
 732910.283   5
 732910.325   5
 732910.366   5
 732910.408   5
 732910.450   5
 732910.491   5
 732910.533   5
 732910.575   5
 732910.616   5
 732910.658   5
 732910.700   5
 732910.741   5
 732910.783   5
 732910.825   5
 732910.866   5
 732910.908   5
 732910.950   5
 732910.991   5
 732911.033   5
 732911.075   5
 732911.116   5
 732911.158   5
 732911.200   5
 732911.241   5
 732911.283   5
 732911.325   5
 732911.366   5
 732911.408   5
 732911.450   5
 732911.491   5
 732911.533   5
 732911.575   5
 732911.616   5
 732911.658   5
 732911.700   5
 732911.741   5
 732911.783   5
 732911.825   5
 732911.866   5
 732911.908   5
 732911.950   5
 732911.991   5
 732912.033   5
 732912.075   5
 732912.116   5
 732912.158   5
 732912.200   5
 732912.241   5
 732912.283   5
 732912.325   5
 732912.366   5
 732912.408   5
 732912.450   5
 732912.491   5
 732912.533   5
 732912.575   5
 732912.616   5
 732912.658   5
 732912.700   5
 732912.741   5
 732912.783   5
 732912.825   5
 732912.866   5
 732912.908   5
 732912.950   5
 732912.992   5
 732913.031   5
 732913.073   5
 732913.115   5
 732913.156   5
 732913.198   5
 732913.240   5
 732913.281   5
 732913.323   5
 732913.364   5
 732913.406   5
 732913.448   5
 732913.491   5
 732913.533   5
 732913.575   5
 732913.616   5
 732913.658   5
 732913.700   5
 732913.741   5
 732913.783   5
 732913.825   5
 732913.866   5
 732913.908   5
 732913.950   5
 732913.991   5
 732914.033   5
 732914.075   5
 732914.116   5
 732914.158   5
 732914.200   5
 732914.241   5
 732914.283   5
 732914.325   5
 732914.366   5
 732914.408   5
 732914.450   5
 732914.491   5
 732914.533   5
 732914.575   5
 732914.616   5
 732914.658   5
 732914.700   5
 732914.741   5
 732914.783   5
 732914.825   5
 732914.866   5
 732914.908   5
 732914.950   5
 732914.991   5
 732915.033   5
 732915.075   5
 732915.116   5
 732915.158   5
 732915.200   5
 732915.241   5
 732915.283   5
 732915.325   5
 732915.366   5
 732915.408   5
 732915.450   5
 732915.491   5
 732915.533   5
 732915.575   5
 732915.616   5
 732915.658   5
 732915.700   5
 732915.741   5
 732915.783   5
 732915.825   5
 732915.866   5
 732915.908   5
 732915.950   5
 732915.991   5
 732916.033   5
 732916.075   5
 732916.116   5
 732916.158   5
 732916.200   5
 732916.241   5
 732916.283   5
 732916.325   5
 732916.366   5
 732916.408   5
 732916.450   5
 732916.491   5
 732916.533   5
 732916.575   5
 732916.616   5
 732916.658   5
 732916.700   5
 732916.741   5
 732916.783   5
 732916.825   5
 732916.866   5
 732916.908   5
 732916.950   5
 732916.991   5
 732917.033   5
 732917.075   5
 732917.116   5
 732917.158   5
 732917.200   5
 732917.242   5
 732917.283   5
 732917.325   5
 732917.366   5
 732917.408   5
 732917.450   5
 732917.492   5
 732917.535   5
 732917.575   5
 732917.616   5
 732917.658   5
 732917.700   5
 732917.741   5
 732917.783   5
 732917.825   5
 732917.866   5
 732917.908   5
 732917.950   5
 732917.991   5
 732918.033   5
 732918.075   5
 732918.116   5
 732918.158   5
 732918.200   5
 732918.241   5
 732918.283   5
 732918.325   5
 732918.366   5
 732918.408   5
 732918.450   5
 732918.491   5
 732918.533   5
 732918.575   5
 732918.616   5
 732918.658   5
 732918.700   5
 732918.741   5
 732918.783   5
 732918.825   5
 732918.866   5
 732918.908   5
 732918.950   5
 732918.991   5
 732919.033   5
 732919.075   5
 732919.116   5
 732919.158   5
 732919.200   5
 732919.241   5
 732919.283   5
 732919.325   5
 732919.366   5
 732919.408   5
 732919.450   5
 732919.491   5
 732919.533   5
 732919.575   5
 732919.616   5
 732919.658   5
 732919.700   5
 732919.741   5
 732919.783   5
 732919.825   5
 732919.866   5
 732919.908   5
 732919.950   5
 732919.991   5
