 732889.033   0
 732889.075   0
 732889.114   0
 732889.158   0
 732889.200   0
 732889.241   0
 732889.283   0
 732889.325   0
 732889.366   0
 732889.408   0
 732889.450   0
 732889.491   0
 732889.533   0
 732889.575   0
 732889.616   0
 732889.658   0
 732889.700   0
 732889.741   0
 732889.783   0
 732889.825   0
 732889.866   0
 732889.908   0
 732889.950   0
 732889.991   0
 732890.033   0
 732890.075   0
 732890.116   0
 732890.158   0
 732890.200   0
 732890.241   0
 732890.283   0
 732890.325   0
 732890.366   0
 732890.408   0
 732890.450   0
 732890.491   0
 732890.533   0
 732890.575   0
 732890.616   0
 732890.658   0
 732890.700   0
 732890.741   0
 732890.783   0
 732890.825   0
 732890.866   0
 732890.908   0
 732890.950   0
 732890.991   0
 732891.033   0
 732891.075   0
 732891.116   0
 732891.158   0
 732891.200   0
 732891.241   0
 732891.283   0
 732891.325   0
 732891.366   0
 732891.408   0
 732891.450   0
 732891.491   0
 732891.533   0
 732891.575   0
 732891.616   0
 732891.658   0
 732891.697   0
 732891.744   0
 732891.783   0
 732891.825   0
 732891.866   0
 732891.908   0
 732891.950   0
 732891.991   0
 732892.033   0
 732892.075   0
 732892.116   0
 732892.158   0
 732892.200   0
 732892.241   0
 732892.283   0
 732892.325   0
 732892.366   0
 732892.408   0
 732892.450   0
 732892.491   0
 732892.533   0
 732892.575   0
 732892.616   0
 732892.658   0
 732892.700   0
 732892.741   0
 732892.783   0
 732892.825   0
 732892.866   0
 732892.908   0
 732892.950   0
 732892.991   0
 732893.033   0
 732893.075   0
 732893.116   0
 732893.158   0
 732893.200   0
 732893.241   0
 732893.283   0
 732893.325   0
 732893.366   0
 732893.408   0
 732893.450   0
 732893.491   0
 732893.533   0
 732893.575   0
 732893.616   0
 732893.658   0
 732893.700   0
 732893.741   0
 732893.783   0
 732893.825   0
 732893.866   0
 732893.908   0
 732893.950   0
 732893.991   0
 732894.033   0
 732894.075   0
 732894.200   0
 732894.241   0
 732894.283   0
 732894.325   0
 732894.366   0
 732894.408   0
 732894.450   0
 732894.491   0
 732894.533   0
 732894.575   0
 732894.616   0
 732894.658   0
 732894.700   0
 732894.741   0
 732894.783   0
 732894.825   0
 732894.866   0
 732894.908   0
 732894.950   0
 732894.991   0
 732895.033   0
 732895.075   0
 732895.116   0
 732895.158   0
 732895.200   0
 732895.241   0
 732895.283   0
 732895.325   0
 732895.366   0
 732895.408   0
 732895.450   0
 732895.491   0
 732895.533   0
 732895.575   0
 732895.616   0
 732895.658   0
 732895.700   0
 732895.741   0
 732895.783   0
 732895.825   0
 732895.866   0
 732895.908   0
 732895.950   0
 732895.991   0
 732896.033   0
 732896.075   0
 732896.116   0
 732896.158   0
 732896.200   0
 732896.241   0
 732896.283   0
 732896.325   0
 732896.366   0
 732896.408   0
 732896.450   0
 732896.491   0
 732896.533   0
 732896.575   0
 732896.616   0
 732896.658   0
 732896.700   0
 732896.741   0
 732896.783   0
 732896.825   0
 732896.866   0
 732896.908   0
 732896.950   0
 732896.991   0
 732897.033   0
 732897.075   0
 732897.116   0
 732897.158   0
 732897.200   0
 732897.241   0
 732897.283   0
 732897.325   0
 732897.366   0
 732897.408   0
 732897.450   0
 732897.491   0
 732897.533   0
 732897.575   0
 732897.616   0
 732897.658   0
 732897.700   0
 732897.741   0
 732897.783   0
 732897.825   0
 732897.866   0
 732897.908   0
 732897.950   0
 732897.991   0
 732898.033   0
 732898.075   0
 732898.116   0
 732898.158   0
 732898.200   0
 732898.241   0
 732898.283   0
 732898.325   0
 732898.366   0
 732898.408   0
 732898.450   0
 732898.491   0
 732898.533   0
 732898.575   0
 732898.616   0
 732898.658   0
 732898.700   0
 732898.741   0
 732898.783   0
 732898.825   0
 732898.866   0
 732898.908   0
 732898.950   0
 732898.991   0
 732899.033   0
 732899.075   0
 732899.116   0
 732899.158   0
 732899.200   0
 732899.241   0
 732899.283   0
 732899.325   0
 732899.366   0
 732899.408   0
 732899.450   0
 732899.491   0
 732899.533   0
 732899.575   0
 732899.616   0
 732899.658   0
 732899.700   0
 732899.741   0
 732899.783   0
 732899.825   0
 732899.866   0
 732899.908   0
 732899.950   0
 732899.991   0
 732900.033   0
 732900.075   0
 732900.116   0
 732900.158   0
 732900.200   0
 732900.241   0
 732900.283   0
 732900.325   0
 732900.366   0
 732900.408   0
 732900.450   0
 732900.491   0
 732900.533   0
 732900.575   0
 732900.616   0
 732900.658   0
 732900.700   0
 732900.741   0
 732900.783   0
 732900.825   0
 732900.866   0
 732900.908   0
 732900.950   0
 732900.991   0
 732901.033   0
 732901.075   0
 732901.116   0
 732901.158   0
 732901.200   0
 732901.241   0
 732901.283   0
 732901.325   0
 732901.366   0
 732901.408   0
 732901.450   0
 732901.491   0
 732901.533   0
 732901.575   0
 732901.616   0
 732901.658   0
 732901.700   0
 732901.741   0
 732901.783   0
 732901.825   0
 732901.866   0
 732901.908   0
 732901.950   0
 732901.991   0
 732902.033   0
 732902.075   0
 732902.116   0
 732902.158   0
 732902.200   0
 732902.241   0
 732902.283   0
 732902.325   0
 732902.366   0
 732902.408   0
 732902.450   0
 732902.491   0
 732902.533   0
 732902.575   0
 732902.616   0
 732902.658   0
 732902.700   0
 732902.741   0
 732902.783   0
 732902.825   0
 732902.866   0
 732902.908   0
 732902.950   0
 732902.991   0
 732903.033   0
 732903.075   0
 732903.116   0
 732903.158   0
 732903.200   0
 732903.241   0
 732903.283   0
 732903.325   0
 732903.366   0
 732903.408   0
 732903.450   0
 732903.491   0
 732903.533   0
 732903.575   0
 732903.616   0
 732903.658   0
 732903.700   0
 732903.741   0
 732903.783   0
 732903.825   0
 732903.866   0
 732903.908   0
 732903.950   0
 732903.991   0
 732904.033   0
 732904.075   0
 732904.116   0
 732904.158   0
 732904.200   0
 732904.241   0
 732904.283   0
 732904.325   0
 732904.366   0
 732904.408   0
 732904.450   0
 732904.491   0
 732904.533   0
 732904.575   0
 732904.616   0
 732904.658   0
 732904.700   0
 732904.741   0
 732904.783   0
 732904.825   0
 732904.866   0
 732904.912   0
 732904.950   0
 732904.991   0
 732905.033   0
 732905.075   0
 732905.116   0
 732905.158   0
 732905.200   0
 732905.241   0
 732905.283   0
 732905.325   0
 732905.366   0
 732905.408   0
 732905.450   0
 732905.491   0
 732905.533   0
 732905.575   0
 732905.616   0
 732905.658   0
 732905.700   0
 732905.741   0
 732905.783   0
 732905.825   0
 732905.866   0
 732905.908   0
 732905.950   0
 732905.991   0
 732906.033   0
 732906.075   0
 732906.116   0
 732906.158   0
 732906.200   0
 732906.241   0
 732906.283   0
 732906.325   0
 732906.366   0
 732906.408   0
 732906.450   0
 732906.491   0
 732906.533   0
 732906.575   0
 732906.616   0
 732906.658   0
 732906.700   0
 732906.741   0
 732906.783   0
 732906.825   0
 732906.866   0
 732906.908   0
 732906.950   0
 732906.991   0
 732907.033   0
 732907.075   0
 732907.116   0
 732907.158   0
 732907.200   0
 732907.241   0
 732907.283   0
 732907.325   0
 732907.366   0
 732907.408   0
 732907.450   0
 732907.491   0
 732907.533   0
 732907.575   0
 732907.616   0
 732907.658   0
 732907.700   0
 732907.741   0
 732907.783   0
 732907.825   0
 732907.866   0
 732907.908   0
 732907.947   0
 732907.991   0
 732908.033   0
 732908.075   0
 732908.116   0
 732908.158   0
 732908.200   0
 732908.241   0
 732908.283   0
 732908.325   0
 732908.366   0
 732908.408   0
 732908.452   0
 732908.489   0
 732908.531   0
 732908.573   0
 732908.615   0
 732908.656   0
 732908.698   0
 732908.740   0
 732908.781   0
 732908.824   0
 732908.864   0
 732908.906   0
 732908.948   0
 732908.989   0
 732909.031   0
 732909.072   0
 732909.115   0
 732909.156   0
 732909.198   0
 732909.239   0
 732909.281   0
 732909.324   0
 732909.364   0
 732909.408   0
 732909.450   0
 732909.491   0
 732909.533   0
 732909.575   0
 732909.616   0
 732909.658   0
 732909.700   0
 732909.741   0
 732909.783   0
 732909.825   0
 732909.866   0
 732909.908   0
 732909.950   0
 732909.991   0
 732910.033   0
 732910.075   0
 732910.116   0
 732910.158   0
 732910.200   0
 732910.241   0
 732910.283   0
 732910.325   0
 732910.366   0
 732910.408   0
 732910.450   0
 732910.491   0
 732910.533   0
 732910.575   0
 732910.616   0
 732910.658   0
 732910.700   0
 732910.741   0
 732910.783   0
 732910.825   0
 732910.866   0
 732910.908   0
 732910.950   0
 732910.991   0
 732911.033   0
 732911.075   0
 732911.116   0
 732911.158   0
 732911.200   0
 732911.241   0
 732911.283   0
 732911.325   0
 732911.366   0
 732911.408   0
 732911.450   0
 732911.491   0
 732911.533   0
 732911.575   0
 732911.616   0
 732911.658   0
 732911.700   0
 732911.741   0
 732911.783   0
 732911.825   0
 732911.866   0
 732911.908   0
 732911.950   0
 732911.991   0
 732912.033   0
 732912.075   0
 732912.116   0
 732912.158   0
 732912.200   0
 732912.241   0
 732912.283   0
 732912.325   0
 732912.366   0
 732912.408   0
 732912.450   0
 732912.491   0
 732912.533   0
 732912.575   0
 732912.616   0
 732912.658   0
 732912.700   0
 732912.741   0
 732912.783   0
 732912.825   0
 732912.866   0
 732912.908   0
 732912.950   0
 732912.992   0
 732913.031   0
 732913.073   0
 732913.115   0
 732913.156   0
 732913.198   0
 732913.240   0
 732913.281   0
 732913.323   0
 732913.364   0
 732913.406   0
 732913.448   0
 732913.491   0
 732913.533   0
 732913.575   0
 732913.616   0
 732913.658   0
 732913.700   0
 732913.741   0
 732913.783   0
 732913.825   0
 732913.866   0
 732913.908   0
 732913.950   0
 732913.991   0
 732914.033   0
 732914.075   0
 732914.116   0
 732914.158   0
 732914.200   0
 732914.241   0
 732914.283   0
 732914.325   0
 732914.366   0
 732914.408   0
 732914.450   0
 732914.491   0
 732914.533   0
 732914.575   0
 732914.616   0
 732914.658   0
 732914.700   0
 732914.741   0
 732914.783   0
 732914.825   0
 732914.866   0
 732914.908   0
 732914.950   0
 732914.991   0
 732915.033   0
 732915.075   0
 732915.116   0
 732915.158   0
 732915.200   0
 732915.241   0
 732915.283   0
 732915.325   0
 732915.366   0
 732915.408   0
 732915.450   0
 732915.491   0
 732915.533   0
 732915.575   0
 732915.616   0
 732915.658   0
 732915.700   0
 732915.741   0
 732915.783   0
 732915.825   0
 732915.866   0
 732915.908   0
 732915.950   0
 732915.991   0
 732916.033   0
 732916.075   0
 732916.116   0
 732916.158   0
 732916.200   0
 732916.241   0
 732916.283   0
 732916.325   0
 732916.366   0
 732916.408   0
 732916.450   0
 732916.491   0
 732916.533   0
 732916.575   0
 732916.616   0
 732916.658   0
 732916.700   0
 732916.741   0
 732916.783   0
 732916.825   0
 732916.866   0
 732916.908   0
 732916.950   0
 732916.991   0
 732917.033   0
 732917.075   0
 732917.116   0
 732917.158   0
 732917.200   0
 732917.242   0
 732917.283   0
 732917.325   0
 732917.366   0
 732917.408   0
 732917.450   0
 732917.492   0
 732917.535   0
 732917.575   0
 732917.616   0
 732917.658   0
 732917.700   0
 732917.741   0
 732917.783   0
 732917.825   0
 732917.866   0
 732917.908   0
 732917.950   0
 732917.991   0
 732918.033   0
 732918.075   0
 732918.116   0
 732918.158   0
 732918.200   0
 732918.241   0
 732918.283   0
 732918.325   0
 732918.366   0
 732918.408   0
 732918.450   0
 732918.491   0
 732918.533   0
 732918.575   0
 732918.616   0
 732918.658   0
 732918.700   0
 732918.741   0
 732918.783   0
 732918.825   0
 732918.866   0
 732918.908   0
 732918.950   0
 732918.991   0
 732919.033   0
 732919.075   0
 732919.116   0
 732919.158   0
 732919.200   0
 732919.241   0
 732919.283   0
 732919.325   0
 732919.366   0
 732919.408   0
 732919.450   0
 732919.491   0
 732919.533   0
 732919.575   0
 732919.616   0
 732919.658   0
 732919.700   0
 732919.741   0
 732919.783   0
 732919.825   0
 732919.866   0
 732919.908   0
 732919.950   0
 732919.991   0
