 732889.033   4
 732889.075   4
 732889.114   4
 732889.158   4
 732889.200   4
 732889.241   4
 732889.283   4
 732889.325   4
 732889.366   4
 732889.408   4
 732889.450   4
 732889.491   4
 732889.533   4
 732889.575   4
 732889.616   4
 732889.658   4
 732889.700   4
 732889.741   4
 732889.783   4
 732889.825   4
 732889.866   4
 732889.908   4
 732889.950   4
 732889.991   4
 732890.033   4
 732890.075   4
 732890.116   4
 732890.158   4
 732890.200   4
 732890.241   4
 732890.283   4
 732890.325   4
 732890.366   4
 732890.408   4
 732890.450   4
 732890.491   4
 732890.533   4
 732890.575   4
 732890.616   4
 732890.658   4
 732890.700   4
 732890.741   4
 732890.783   4
 732890.825   4
 732890.866   4
 732890.908   4
 732890.950   4
 732890.991   4
 732891.033   4
 732891.075   4
 732891.116   4
 732891.158   4
 732891.200   4
 732891.241   4
 732891.283   4
 732891.325   4
 732891.366   4
 732891.408   4
 732891.450   4
 732891.491   4
 732891.533   4
 732891.575   4
 732891.616   4
 732891.658   4
 732891.697   4
 732891.744   4
 732891.783   4
 732891.825   4
 732891.866   4
 732891.908   4
 732891.950   4
 732891.991   4
 732892.033   4
 732892.075   4
 732892.116   4
 732892.158   4
 732892.200   4
 732892.241   4
 732892.283   4
 732892.325   4
 732892.366   4
 732892.408   4
 732892.450   4
 732892.491   4
 732892.533   4
 732892.575   4
 732892.616   4
 732892.658   4
 732892.700   4
 732892.741   4
 732892.783   4
 732892.825   4
 732892.866   4
 732892.908   4
 732892.950   4
 732892.991   4
 732893.033   4
 732893.075   4
 732893.116   4
 732893.158   4
 732893.200   4
 732893.241   4
 732893.283   4
 732893.325   4
 732893.366   4
 732893.408   4
 732893.450   4
 732893.491   4
 732893.533   4
 732893.575   4
 732893.616   4
 732893.658   4
 732893.700   4
 732893.741   4
 732893.783   4
 732893.825   4
 732893.866   4
 732893.908   4
 732893.950   4
 732893.991   4
 732894.033   4
 732894.075   4
 732894.200   4
 732894.241   4
 732894.283   4
 732894.325   4
 732894.366   4
 732894.408   4
 732894.450   4
 732894.491   4
 732894.533   4
 732894.575   4
 732894.616   4
 732894.658   4
 732894.700   4
 732894.741   4
 732894.783   4
 732894.825   4
 732894.866   4
 732894.908   4
 732894.950   4
 732894.991   4
 732895.033   4
 732895.075   4
 732895.116   4
 732895.158   4
 732895.200   4
 732895.241   4
 732895.283   4
 732895.325   4
 732895.366   4
 732895.408   4
 732895.450   4
 732895.491   4
 732895.533   4
 732895.575   4
 732895.616   4
 732895.658   4
 732895.700   4
 732895.741   4
 732895.783   4
 732895.825   4
 732895.866   4
 732895.908   4
 732895.950   4
 732895.991   4
 732896.033   4
 732896.075   4
 732896.116   4
 732896.158   4
 732896.200   4
 732896.241   4
 732896.283   4
 732896.325   4
 732896.366   4
 732896.408   4
 732896.450   4
 732896.491   4
 732896.533   4
 732896.575   4
 732896.616   4
 732896.658   4
 732896.700   4
 732896.741   4
 732896.783   4
 732896.825   4
 732896.866   4
 732896.908   4
 732896.950   4
 732896.991   4
 732897.033   4
 732897.075   4
 732897.116   4
 732897.158   4
 732897.200   4
 732897.241   4
 732897.283   4
 732897.325   4
 732897.366   4
 732897.408   4
 732897.450   4
 732897.491   4
 732897.533   4
 732897.575   4
 732897.616   4
 732897.658   4
 732897.700   4
 732897.741   4
 732897.783   4
 732897.825   4
 732897.866   4
 732897.908   4
 732897.950   4
 732897.991   4
 732898.033   4
 732898.075   4
 732898.116   4
 732898.158   4
 732898.200   4
 732898.241   4
 732898.283   4
 732898.325   4
 732898.366   4
 732898.408   4
 732898.450   4
 732898.491   4
 732898.533   4
 732898.575   4
 732898.616   4
 732898.658   4
 732898.700   4
 732898.741   4
 732898.783   4
 732898.825   4
 732898.866   4
 732898.908   4
 732898.950   4
 732898.991   4
 732899.033   4
 732899.075   4
 732899.116   4
 732899.158   4
 732899.200   4
 732899.241   4
 732899.283   4
 732899.325   4
 732899.366   4
 732899.408   4
 732899.450   4
 732899.491   4
 732899.533   4
 732899.575   4
 732899.616   4
 732899.658   4
 732899.700   4
 732899.741   4
 732899.783   4
 732899.825   4
 732899.866   4
 732899.908   4
 732899.950   4
 732899.991   4
 732900.033   4
 732900.075   4
 732900.116   4
 732900.158   4
 732900.200   4
 732900.241   4
 732900.283   4
 732900.325   4
 732900.366   4
 732900.408   4
 732900.450   4
 732900.491   4
 732900.533   4
 732900.575   4
 732900.616   4
 732900.658   4
 732900.700   4
 732900.741   4
 732900.783   4
 732900.825   4
 732900.866   4
 732900.908   4
 732900.950   4
 732900.991   4
 732901.033   4
 732901.075   4
 732901.116   4
 732901.158   4
 732901.200   4
 732901.241   4
 732901.283   4
 732901.325   4
 732901.366   4
 732901.408   4
 732901.450   4
 732901.491   4
 732901.533   4
 732901.575   4
 732901.616   4
 732901.658   4
 732901.700   4
 732901.741   4
 732901.783   4
 732901.825   4
 732901.866   4
 732901.908   4
 732901.950   4
 732901.991   4
 732902.033   4
 732902.075   4
 732902.116   4
 732902.158   4
 732902.200   4
 732902.241   4
 732902.283   4
 732902.325   4
 732902.366   4
 732902.408   4
 732902.450   4
 732902.491   4
 732902.533   4
 732902.575   4
 732902.616   4
 732902.658   4
 732902.700   4
 732902.741   4
 732902.783   4
 732902.825   4
 732902.866   4
 732902.908   4
 732902.950   4
 732902.991   4
 732903.033   4
 732903.075   4
 732903.116   4
 732903.158   4
 732903.200   4
 732903.241   4
 732903.283   4
 732903.325   4
 732903.366   4
 732903.408   4
 732903.450   4
 732903.491   4
 732903.533   4
 732903.575   4
 732903.616   4
 732903.658   4
 732903.700   4
 732903.741   4
 732903.783   4
 732903.825   4
 732903.866   4
 732903.908   4
 732903.950   4
 732903.991   4
 732904.033   4
 732904.075   4
 732904.116   4
 732904.158   4
 732904.200   4
 732904.241   4
 732904.283   4
 732904.325   4
 732904.366   4
 732904.408   4
 732904.450   4
 732904.491   4
 732904.533   4
 732904.575   4
 732904.616   4
 732904.658   4
 732904.700   4
 732904.741   4
 732904.783   4
 732904.825   4
 732904.866   4
 732904.912   4
 732904.950   4
 732904.991   4
 732905.033   4
 732905.075   4
 732905.116   4
 732905.158   4
 732905.200   4
 732905.241   4
 732905.283   4
 732905.325   4
 732905.366   4
 732905.408   4
 732905.450   4
 732905.491   4
 732905.533   4
 732905.575   4
 732905.616   4
 732905.658   4
 732905.700   4
 732905.741   4
 732905.783   4
 732905.825   4
 732905.866   4
 732905.908   4
 732905.950   4
 732905.991   4
 732906.033   4
 732906.075   4
 732906.116   4
 732906.158   4
 732906.200   4
 732906.241   4
 732906.283   4
 732906.325   4
 732906.366   4
 732906.408   4
 732906.450   4
 732906.491   4
 732906.533   4
 732906.575   4
 732906.616   4
 732906.658   4
 732906.700   4
 732906.741   4
 732906.783   4
 732906.825   4
 732906.866   4
 732906.908   4
 732906.950   4
 732906.991   4
 732907.033   4
 732907.075   4
 732907.116   4
 732907.158   4
 732907.200   4
 732907.241   4
 732907.283   4
 732907.325   4
 732907.366   4
 732907.408   4
 732907.450   4
 732907.491   4
 732907.533   4
 732907.575   4
 732907.616   4
 732907.658   4
 732907.700   4
 732907.741   4
 732907.783   4
 732907.825   4
 732907.866   4
 732907.908   4
 732907.947   4
 732907.991   4
 732908.033   4
 732908.075   4
 732908.116   4
 732908.158   4
 732908.200   4
 732908.241   4
 732908.283   4
 732908.325   4
 732908.366   4
 732908.408   4
 732908.452   4
 732908.489   4
 732908.531   4
 732908.573   4
 732908.615   4
 732908.656   4
 732908.698   4
 732908.740   4
 732908.781   4
 732908.824   4
 732908.864   4
 732908.906   4
 732908.948   4
 732908.989   4
 732909.031   4
 732909.072   4
 732909.115   4
 732909.156   4
 732909.198   4
 732909.239   4
 732909.281   4
 732909.324   4
 732909.364   4
 732909.408   4
 732909.450   4
 732909.491   4
 732909.533   4
 732909.575   4
 732909.616   4
 732909.658   4
 732909.700   4
 732909.741   4
 732909.783   4
 732909.825   4
 732909.866   4
 732909.908   4
 732909.950   4
 732909.991   4
 732910.033   4
 732910.075   4
 732910.116   4
 732910.158   4
 732910.200   4
 732910.241   4
 732910.283   4
 732910.325   4
 732910.366   4
 732910.408   4
 732910.450   4
 732910.491   4
 732910.533   4
 732910.575   4
 732910.616   4
 732910.658   4
 732910.700   4
 732910.741   4
 732910.783   4
 732910.825   4
 732910.866   4
 732910.908   4
 732910.950   4
 732910.991   4
 732911.033   4
 732911.075   4
 732911.116   4
 732911.158   4
 732911.200   4
 732911.241   4
 732911.283   4
 732911.325   4
 732911.366   4
 732911.408   4
 732911.450   4
 732911.491   4
 732911.533   4
 732911.575   4
 732911.616   4
 732911.658   4
 732911.700   4
 732911.741   4
 732911.783   4
 732911.825   4
 732911.866   4
 732911.908   4
 732911.950   4
 732911.991   4
 732912.033   4
 732912.075   4
 732912.116   4
 732912.158   4
 732912.200   4
 732912.241   4
 732912.283   4
 732912.325   4
 732912.366   4
 732912.408   4
 732912.450   4
 732912.491   4
 732912.533   4
 732912.575   4
 732912.616   4
 732912.658   4
 732912.700   4
 732912.741   4
 732912.783   4
 732912.825   4
 732912.866   4
 732912.908   4
 732912.950   4
 732912.992   4
 732913.031   4
 732913.073   4
 732913.115   4
 732913.156   4
 732913.198   4
 732913.240   4
 732913.281   4
 732913.323   4
 732913.364   4
 732913.406   4
 732913.448   4
 732913.491   4
 732913.533   4
 732913.575   4
 732913.616   4
 732913.658   4
 732913.700   4
 732913.741   4
 732913.783   4
 732913.825   4
 732913.866   4
 732913.908   4
 732913.950   4
 732913.991   4
 732914.033   4
 732914.075   4
 732914.116   4
 732914.158   4
 732914.200   4
 732914.241   4
 732914.283   4
 732914.325   4
 732914.366   4
 732914.408   4
 732914.450   4
 732914.491   4
 732914.533   4
 732914.575   4
 732914.616   4
 732914.658   4
 732914.700   4
 732914.741   4
 732914.783   4
 732914.825   4
 732914.866   4
 732914.908   4
 732914.950   4
 732914.991   4
 732915.033   4
 732915.075   4
 732915.116   4
 732915.158   4
 732915.200   4
 732915.241   4
 732915.283   4
 732915.325   4
 732915.366   4
 732915.408   4
 732915.450   4
 732915.491   4
 732915.533   4
 732915.575   4
 732915.616   4
 732915.658   4
 732915.700   4
 732915.741   4
 732915.783   4
 732915.825   4
 732915.866   4
 732915.908   4
 732915.950   4
 732915.991   4
 732916.033   4
 732916.075   4
 732916.116   4
 732916.158   4
 732916.200   4
 732916.241   4
 732916.283   4
 732916.325   4
 732916.366   4
 732916.408   4
 732916.450   4
 732916.491   4
 732916.533   4
 732916.575   4
 732916.616   4
 732916.658   4
 732916.700   4
 732916.741   4
 732916.783   4
 732916.825   4
 732916.866   4
 732916.908   4
 732916.950   4
 732916.991   4
 732917.033   4
 732917.075   4
 732917.116   4
 732917.158   4
 732917.200   4
 732917.242   4
 732917.283   4
 732917.325   4
 732917.366   4
 732917.408   4
 732917.450   4
 732917.492   4
 732917.535   4
 732917.575   4
 732917.616   4
 732917.658   4
 732917.700   4
 732917.741   4
 732917.783   4
 732917.825   4
 732917.866   4
 732917.908   4
 732917.950   4
 732917.991   4
 732918.033   4
 732918.075   4
 732918.116   4
 732918.158   4
 732918.200   4
 732918.241   4
 732918.283   4
 732918.325   4
 732918.366   4
 732918.408   4
 732918.450   4
 732918.491   4
 732918.533   4
 732918.575   4
 732918.616   4
 732918.658   4
 732918.700   4
 732918.741   4
 732918.783   4
 732918.825   4
 732918.866   4
 732918.908   4
 732918.950   4
 732918.991   4
 732919.033   4
 732919.075   4
 732919.116   4
 732919.158   4
 732919.200   4
 732919.241   4
 732919.283   4
 732919.325   4
 732919.366   4
 732919.408   4
 732919.450   4
 732919.491   4
 732919.533   4
 732919.575   4
 732919.616   4
 732919.658   4
 732919.700   4
 732919.741   4
 732919.783   4
 732919.825   4
 732919.866   4
 732919.908   4
 732919.950   4
 732919.991   4
